Time: 12:41:50,  message: Starting clock ...6.008967181725289e-07
Time: 12:44:41,  message: Ending clock ...170.99031624893829
Time: 12:44:41,  message: Ending program... time elapsed: 170.99031564804156
